0 0 0 0 
0 0 0 0 
0 0 0 0 
0 0 0 0 
0 0 0 0 
0 0 0 0 
0 0 0 0 
0 0 0 0 
0 0 0 0 
0 0 0 0 
0 0 0 0 
0 0 0 0 
0 0 0 0 
0 0 0 0 
0 0 0 0 
0 0 0 0 
0 0 0 0 
0 0 0 0 
0 0 0 0 
0 0 0 0 
0 0 0 0 
0 0 0 0 
0 0 0 0 
0 0 0 0 
0 0 0 0 
0 0 0 0 
0 0 0 0 
0 0 0 0 
0 0 0 0 
0 0 0 0 
0 0 0 0 
0 0 0 0 
0 0 0 0 
0 0 0 0 
0 0 0 0 
0 0 0 0 
0 0 0 0 
0 0 0 0 
0.889673 0.889673 0.889673 0.889673 
0.940779 0.940779 0.940779 0.940779 
0.993717 0.993717 0.993717 0.993717 
0.994806 0.994806 0.994806 0.994806 
0.99492 0.99492 0.99492 0.99492 
0.995142 0.995142 0.995142 0.995142 
0.995142 0.995142 0.995142 0.995142 
0.995142 0.995142 0.995142 0.995142 
0.995142 0.995142 0.995142 0.995142 
0.995142 0.995142 0.995142 0.995142 
0.995142 0.995142 0.995142 0.995142 
0.995142 0.995142 0.995142 0.995142 
0.995142 0.995142 0.995142 0.995142 
0.995142 0.995142 0.995142 0.995142 
0.995142 0.995142 0.995142 0.995142 
0.995142 0.995142 0.995142 0.995142 
0.995142 0.995142 0.995142 0.995142 
0.995142 0.995142 0.995142 0.995142 
0.995142 0.995142 0.995142 0.995142 
0.995142 0.995142 0.995142 0.995142 
0.995142 0.995142 0.995142 0.995142 
0.995142 0.995142 0.995142 0.995142 
0.995142 0.995142 0.995142 0.995142 
0.995142 0.995142 0.995142 0.995142 
0.995142 0.995142 0.995142 0.995142 
0.995142 0.995142 0.995142 0.995142 
0.995142 0.995142 0.995142 0.995142 
0.995142 0.995142 0.995142 0.995142 
0.995142 0.995142 0.995142 0.995142 
0.995142 0.995142 0.995142 0.995142 
0.995142 0.995142 0.995142 0.995142 
0.995142 0.995142 0.995142 0.995142 
0.995142 0.995142 0.995142 0.995142 
0.995142 0.995142 0.995142 0.995142 
0.995142 0.995142 0.995142 0.995142 
0.995142 0.995142 0.995142 0.995142 
0.995142 0.995142 0.995142 0.995142 
0.995142 0.995142 0.995142 0.995142 
0.995142 0.995142 0.995142 0.995142 
0.995142 0.995142 0.995142 0.995142 
0.995142 0.995142 0.995142 0.995142 
0.995142 0.995142 0.995142 0.995142 
0.995142 0.995142 0.995142 0.995142 
0.995142 0.995142 0.995142 0.995142 
0.995142 0.995142 0.995142 0.995142 
0.995142 0.995142 0.995142 0.995142 
0.995142 0.995142 0.995142 0.995142 
0.995142 0.995142 0.995142 0.995142 
0.995142 0.995142 0.995142 0.995142 
0.995142 0.995142 0.995142 0.995142 
0.995142 0.995142 0.995142 0.995142 
0.995142 0.995142 0.995142 0.995142 
0.995142 0.995142 0.995142 0.995142 
0.995142 0.995142 0.995142 0.995142 
0.995142 0.995142 0.995142 0.995142 
0.995142 0.995142 0.995142 0.995142 
0.995142 0.995142 0.995142 0.995142 
0.995142 0.995142 0.995142 0.995142 
0.995142 0.995142 0.995142 0.995142 
0.995142 0.995142 0.995142 0.995142 
0.995142 0.995142 0.995142 0.995142 
0.995142 0.995142 0.995142 0.995142 
0.995142 0.995142 0.995142 0.995142 
0.995142 0.995142 0.995142 0.995142 
0.995142 0.995142 0.995142 0.995142 
0.995142 0.995142 0.995142 0.995142 
0.995142 0.995142 0.995142 0.995142 
0.995142 0.995142 0.995142 0.995142 
0.995142 0.995142 0.995142 0.995142 
0.995142 0.995142 0.995142 0.995142 
0.995142 0.995142 0.995142 0.995142 
0.995142 0.995142 0.995142 0.995142 
0.995142 0.995142 0.995142 0.995142 
0.995142 0.995142 0.995142 0.995142 
0.995142 0.995142 0.995142 0.995142 
0.995142 0.995142 0.995142 0.995142 
0.995142 0.995142 0.995142 0.995142 
0.995142 0.995142 0.995142 0.995142 
0.995142 0.995142 0.995142 0.995142 
0.995142 0.995142 0.995142 0.995142 
0.995142 0.995142 0.995142 0.995142 
0.995142 0.995142 0.995142 0.995142 
0.995142 0.995142 0.995142 0.995142 
0.995142 0.995142 0.995142 0.995142 
0.995142 0.995142 0.995142 0.995142 
0.995142 0.995142 0.995142 0.995142 
0.995142 0.995142 0.995142 0.995142 
0.995142 0.995142 0.995142 0.995142 
0.995142 0.995142 0.995142 0.995142 
0.995142 0.995142 0.995142 0.995142 
0.995142 0.995142 0.995142 0.995142 
0.995142 0.995142 0.995142 0.995142 
0.995142 0.995142 0.995142 0.995142 
0.995142 0.995142 0.995142 0.995142 
0.995142 0.995142 0.995142 0.995142 
0.995142 0.995142 0.995142 0.995142 
0.995142 0.995142 0.995142 0.995142 
0.995142 0.995142 0.995142 0.995142 
0.995142 0.995142 0.995142 0.995142 
0.995142 0.995142 0.995142 0.995142 
0.995142 0.995142 0.995142 0.995142 
0.995142 0.995142 0.995142 0.995142 
0.995142 0.995142 0.995142 0.995142 
0.995142 0.995142 0.995142 0.995142 
0.995142 0.995142 0.995142 0.995142 
0.995142 0.995142 0.995142 0.995142 
0.995142 0.995142 0.995142 0.995142 
0.995142 0.995142 0.995142 0.995142 
0.995142 0.995142 0.995142 0.995142 
0.995142 0.995142 0.995142 0.995142 
0.995142 0.995142 0.995142 0.995142 
0.995142 0.995142 0.995142 0.995142 
0.995142 0.995142 0.995142 0.995142 
0.995142 0.995142 0.995142 0.995142 
0.995142 0.995142 0.995142 0.995142 
0.995142 0.995142 0.995142 0.995142 
0.995142 0.995142 0.995142 0.995142 
0.995142 0.995142 0.995142 0.995142 
0.995142 0.995142 0.995142 0.995142 
0.995142 0.995142 0.995142 0.995142 
0.995142 0.995142 0.995142 0.995142 
0.995142 0.995142 0.995142 0.995142 
0.995142 0.995142 0.995142 0.995142 
0.995142 0.995142 0.995142 0.995142 
0.995142 0.995142 0.995142 0.995142 
0.995142 0.995142 0.995142 0.995142 
0.995142 0.995142 0.995142 0.995142 
0.995142 0.995142 0.995142 0.995142 
0.995142 0.995142 0.995142 0.995142 
0.995142 0.995142 0.995142 0.995142 
0.995142 0.995142 0.995142 0.995142 
0.995142 0.995142 0.995142 0.995142 
0.995142 0.995142 0.995142 0.995142 
0.995142 0.995142 0.995142 0.995142 
0.995142 0.995142 0.995142 0.995142 
0.995142 0.995142 0.995142 0.995142 
0.995142 0.995142 0.995142 0.995142 
0.995142 0.995142 0.995142 0.995142 
0.995142 0.995142 0.995142 0.995142 
0.995142 0.995142 0.995142 0.995142 
0.995142 0.995142 0.995142 0.995142 
0.995142 0.995142 0.995142 0.995142 
0.995142 0.995142 0.995142 0.995142 
0.995142 0.995142 0.995142 0.995142 
0.995141 0.995141 0.995141 0.995141 
0.995142 0.995142 0.995142 0.995142 
0.995141 0.995141 0.995141 0.995141 
0.995142 0.995142 0.995142 0.995142 
0.995141 0.995141 0.995141 0.995141 
0.995142 0.995142 0.995142 0.995142 
0.995141 0.995141 0.995141 0.995141 
0.995142 0.995142 0.995142 0.995142 
0.995141 0.995141 0.995141 0.995141 
0.995142 0.995142 0.995142 0.995142 
0.99514 0.99514 0.99514 0.99514 
0.995142 0.995142 0.995142 0.995142 
0.995139 0.995139 0.995139 0.995139 
0.995141 0.995141 0.995141 0.995141 
0.995136 0.995136 0.995136 0.995136 
0.995137 0.995137 0.995137 0.995137 
0.995127 0.995127 0.995127 0.995127 
0 0 0 0 
