0 0 0 0 
0 0 0 0 
0 0 0 0 
0 0 0 0 
0 0 0 0 
0 0 0 0 
0 0 0 0 
0 0 0 0 
0 0 0 0 
0 0 0 0 
0 0 0 0 
0 0 0 0 
0 0 0 0 
0 0 0 0 
0 0 0 0 
0 0 0 0 
0 0 0 0 
0 0 0 0 
0 0 0 0 
0 0 0 0 
0 0 0 0 
0 0 0 0 
0 0 0 0 
0 0 0 0 
0 0 0 0 
0 0 0 0 
0 0 0 0 
0 0 0 0 
0 0 0 0 
0 0 0 0 
0 0 0 0 
0 0 0 0 
0 0 0 0 
0 0 0 0 
0 0 0 0 
0 0 0 0 
0 0 0 0 
0 0 0 0 
0.904437 0.904437 0.904437 0.904437 
0.938877 0.938877 0.938877 0.938877 
0.990551 0.990551 0.990551 0.990551 
0.991763 0.991763 0.991763 0.991763 
0.991927 0.991927 0.991927 0.991927 
0.99228 0.99228 0.99228 0.99228 
0.99228 0.99228 0.99228 0.99228 
0.99228 0.99228 0.99228 0.99228 
0.99228 0.99228 0.99228 0.99228 
0.99228 0.99228 0.99228 0.99228 
0.99228 0.99228 0.99228 0.99228 
0.99228 0.99228 0.99228 0.99228 
0.99228 0.99228 0.99228 0.99228 
0.99228 0.99228 0.99228 0.99228 
0.99228 0.99228 0.99228 0.99228 
0.99228 0.99228 0.99228 0.99228 
0.99228 0.99228 0.99228 0.99228 
0.99228 0.99228 0.99228 0.99228 
0.99228 0.99228 0.99228 0.99228 
0.99228 0.99228 0.99228 0.99228 
0.99228 0.99228 0.99228 0.99228 
0.99228 0.99228 0.99228 0.99228 
0.99228 0.99228 0.99228 0.99228 
0.99228 0.99228 0.99228 0.99228 
0.99228 0.99228 0.99228 0.99228 
0.99228 0.99228 0.99228 0.99228 
0.99228 0.99228 0.99228 0.99228 
0.99228 0.99228 0.99228 0.99228 
0.99228 0.99228 0.99228 0.99228 
0.99228 0.99228 0.99228 0.99228 
0.99228 0.99228 0.99228 0.99228 
0.99228 0.99228 0.99228 0.99228 
0.99228 0.99228 0.99228 0.99228 
0.99228 0.99228 0.99228 0.99228 
0.99228 0.99228 0.99228 0.99228 
0.99228 0.99228 0.99228 0.99228 
0.99228 0.99228 0.99228 0.99228 
0.99228 0.99228 0.99228 0.99228 
0.99228 0.99228 0.99228 0.99228 
0.99228 0.99228 0.99228 0.99228 
0.99228 0.99228 0.99228 0.99228 
0.99228 0.99228 0.99228 0.99228 
0.99228 0.99228 0.99228 0.99228 
0.99228 0.99228 0.99228 0.99228 
0.99228 0.99228 0.99228 0.99228 
0.99228 0.99228 0.99228 0.99228 
0.99228 0.99228 0.99228 0.99228 
0.99228 0.99228 0.99228 0.99228 
0.99228 0.99228 0.99228 0.99228 
0.99228 0.99228 0.99228 0.99228 
0.99228 0.99228 0.99228 0.99228 
0.99228 0.99228 0.99228 0.99228 
0.99228 0.99228 0.99228 0.99228 
0.99228 0.99228 0.99228 0.99228 
0.99228 0.99228 0.99228 0.99228 
0.99228 0.99228 0.99228 0.99228 
0.99228 0.99228 0.99228 0.99228 
0.99228 0.99228 0.99228 0.99228 
0.99228 0.99228 0.99228 0.99228 
0.99228 0.99228 0.99228 0.99228 
0.99228 0.99228 0.99228 0.99228 
0.99228 0.99228 0.99228 0.99228 
0.99228 0.99228 0.99228 0.99228 
0.99228 0.99228 0.99228 0.99228 
0.99228 0.99228 0.99228 0.99228 
0.99228 0.99228 0.99228 0.99228 
0.99228 0.99228 0.99228 0.99228 
0.99228 0.99228 0.99228 0.99228 
0.99228 0.99228 0.99228 0.99228 
0.99228 0.99228 0.99228 0.99228 
0.99228 0.99228 0.99228 0.99228 
0.99228 0.99228 0.99228 0.99228 
0.99228 0.99228 0.99228 0.99228 
0.99228 0.99228 0.99228 0.99228 
0.99228 0.99228 0.99228 0.99228 
0.99228 0.99228 0.99228 0.99228 
0.99228 0.99228 0.99228 0.99228 
0.99228 0.99228 0.99228 0.99228 
0.99228 0.99228 0.99228 0.99228 
0.99228 0.99228 0.99228 0.99228 
0.99228 0.99228 0.99228 0.99228 
0.99228 0.99228 0.99228 0.99228 
0.99228 0.99228 0.99228 0.99228 
0.99228 0.99228 0.99228 0.99228 
0.99228 0.99228 0.99228 0.99228 
0.99228 0.99228 0.99228 0.99228 
0.99228 0.99228 0.99228 0.99228 
0.99228 0.99228 0.99228 0.99228 
0.99228 0.99228 0.99228 0.99228 
0.99228 0.99228 0.99228 0.99228 
0.99228 0.99228 0.99228 0.99228 
0.99228 0.99228 0.99228 0.99228 
0.99228 0.99228 0.99228 0.99228 
0.99228 0.99228 0.99228 0.99228 
0.99228 0.99228 0.99228 0.99228 
0.99228 0.99228 0.99228 0.99228 
0.99228 0.99228 0.99228 0.99228 
0.99228 0.99228 0.99228 0.99228 
0.99228 0.99228 0.99228 0.99228 
0.99228 0.99228 0.99228 0.99228 
0.99228 0.99228 0.99228 0.99228 
0.99228 0.99228 0.99228 0.99228 
0.99228 0.99228 0.99228 0.99228 
0.99228 0.99228 0.99228 0.99228 
0.99228 0.99228 0.99228 0.99228 
0.99228 0.99228 0.99228 0.99228 
0.99228 0.99228 0.99228 0.99228 
0.99228 0.99228 0.99228 0.99228 
0.99228 0.99228 0.99228 0.99228 
0.99228 0.99228 0.99228 0.99228 
0.99228 0.99228 0.99228 0.99228 
0.99228 0.99228 0.99228 0.99228 
0.992279 0.992279 0.992279 0.992279 
0.99228 0.99228 0.99228 0.99228 
0.992279 0.992279 0.992279 0.992279 
0.99228 0.99228 0.99228 0.99228 
0.992279 0.992279 0.992279 0.992279 
0.99228 0.99228 0.99228 0.99228 
0.992279 0.992279 0.992279 0.992279 
0.99228 0.99228 0.99228 0.99228 
0.992279 0.992279 0.992279 0.992279 
0.99228 0.99228 0.99228 0.99228 
0.992279 0.992279 0.992279 0.992279 
0.99228 0.99228 0.99228 0.99228 
0.992279 0.992279 0.992279 0.992279 
0.99228 0.99228 0.99228 0.99228 
0.992279 0.992279 0.992279 0.992279 
0.99228 0.99228 0.99228 0.99228 
0.992279 0.992279 0.992279 0.992279 
0.99228 0.99228 0.99228 0.99228 
0.992279 0.992279 0.992279 0.992279 
0.99228 0.99228 0.99228 0.99228 
0.992279 0.992279 0.992279 0.992279 
0.99228 0.99228 0.99228 0.99228 
0.992279 0.992279 0.992279 0.992279 
0.99228 0.99228 0.99228 0.99228 
0.992279 0.992279 0.992279 0.992279 
0.99228 0.99228 0.99228 0.99228 
0.992279 0.992279 0.992279 0.992279 
0.99228 0.99228 0.99228 0.99228 
0.992279 0.992279 0.992279 0.992279 
0.99228 0.99228 0.99228 0.99228 
0.992279 0.992279 0.992279 0.992279 
0.99228 0.99228 0.99228 0.99228 
0.992279 0.992279 0.992279 0.992279 
0.99228 0.99228 0.99228 0.99228 
0.992279 0.992279 0.992279 0.992279 
0.99228 0.99228 0.99228 0.99228 
0.992278 0.992278 0.992278 0.992278 
0.99228 0.99228 0.99228 0.99228 
0.992278 0.992278 0.992278 0.992278 
0.99228 0.99228 0.99228 0.99228 
0.992277 0.992277 0.992277 0.992277 
0.992279 0.992279 0.992279 0.992279 
0.992276 0.992276 0.992276 0.992276 
0.992279 0.992279 0.992279 0.992279 
0.992274 0.992274 0.992274 0.992274 
0.992278 0.992278 0.992278 0.992278 
0.99227 0.99227 0.99227 0.99227 
0.992272 0.992272 0.992272 0.992272 
0.992256 0.992256 0.992256 0.992256 
0 0 0 0 
