0 0 0 0 
0 0 0 0 
0 0 0 0 
0 0 0 0 
0 0 0 0 
0 0 0 0 
0 0 0 0 
0 0 0 0 
0 0 0 0 
0 0 0 0 
0 0 0 0 
0 0 0 0 
0 0 0 0 
0 0 0 0 
0 0 0 0 
0 0 0 0 
0 0 0 0 
0 0 0 0 
0 0 0 0 
0 0 0 0 
0 0 0 0 
0 0 0 0 
0 0 0 0 
0 0 0 0 
0 0 0 0 
0 0 0 0 
0 0 0 0 
0 0 0 0 
0 0 0 0 
0 0 0 0 
0 0 0 0 
0 0 0 0 
0 0 0 0 
0 0 0 0 
0 0 0 0 
0 0 0 0 
0 0 0 0 
0 0 0 0 
0.906969 0.906969 0.906969 0.906969 
0.938507 0.938507 0.938507 0.938507 
0.988323 0.988323 0.988323 0.988323 
0.989742 0.989742 0.989742 0.989742 
0.989901 0.989901 0.989901 0.989901 
0.990268 0.990268 0.990268 0.990268 
0.990268 0.990268 0.990268 0.990268 
0.990268 0.990268 0.990268 0.990268 
0.990268 0.990268 0.990268 0.990268 
0.990268 0.990268 0.990268 0.990268 
0.990268 0.990268 0.990268 0.990268 
0.990268 0.990268 0.990268 0.990268 
0.990268 0.990268 0.990268 0.990268 
0.990268 0.990268 0.990268 0.990268 
0.990268 0.990268 0.990268 0.990268 
0.990268 0.990268 0.990268 0.990268 
0.990268 0.990268 0.990268 0.990268 
0.990268 0.990268 0.990268 0.990268 
0.990268 0.990268 0.990268 0.990268 
0.990268 0.990268 0.990268 0.990268 
0.990268 0.990268 0.990268 0.990268 
0.990268 0.990268 0.990268 0.990268 
0.990268 0.990268 0.990268 0.990268 
0.990268 0.990268 0.990268 0.990268 
0.990268 0.990268 0.990268 0.990268 
0.990268 0.990268 0.990268 0.990268 
0.990268 0.990268 0.990268 0.990268 
0.990268 0.990268 0.990268 0.990268 
0.990268 0.990268 0.990268 0.990268 
0.990268 0.990268 0.990268 0.990268 
0.990268 0.990268 0.990268 0.990268 
0.990268 0.990268 0.990268 0.990268 
0.990268 0.990268 0.990268 0.990268 
0.990268 0.990268 0.990268 0.990268 
0.990268 0.990268 0.990268 0.990268 
0.990268 0.990268 0.990268 0.990268 
0.990268 0.990268 0.990268 0.990268 
0.990268 0.990268 0.990268 0.990268 
0.990268 0.990268 0.990268 0.990268 
0.990268 0.990268 0.990268 0.990268 
0.990268 0.990268 0.990268 0.990268 
0.990268 0.990268 0.990268 0.990268 
0.990268 0.990268 0.990268 0.990268 
0.990268 0.990268 0.990268 0.990268 
0.990268 0.990268 0.990268 0.990268 
0.990268 0.990268 0.990268 0.990268 
0.990268 0.990268 0.990268 0.990268 
0.990268 0.990268 0.990268 0.990268 
0.990268 0.990268 0.990268 0.990268 
0.990268 0.990268 0.990268 0.990268 
0.990268 0.990268 0.990268 0.990268 
0.990268 0.990268 0.990268 0.990268 
0.990268 0.990268 0.990268 0.990268 
0.990268 0.990268 0.990268 0.990268 
0.990268 0.990268 0.990268 0.990268 
0.990268 0.990268 0.990268 0.990268 
0.990268 0.990268 0.990268 0.990268 
0.990268 0.990268 0.990268 0.990268 
0.990268 0.990268 0.990268 0.990268 
0.990268 0.990268 0.990268 0.990268 
0.990268 0.990268 0.990268 0.990268 
0.990268 0.990268 0.990268 0.990268 
0.990268 0.990268 0.990268 0.990268 
0.990268 0.990268 0.990268 0.990268 
0.990268 0.990268 0.990268 0.990268 
0.990268 0.990268 0.990268 0.990268 
0.990268 0.990268 0.990268 0.990268 
0.990268 0.990268 0.990268 0.990268 
0.990267 0.990267 0.990267 0.990267 
0.990268 0.990268 0.990268 0.990268 
0.990267 0.990267 0.990267 0.990267 
0.990268 0.990268 0.990268 0.990268 
0.990267 0.990267 0.990267 0.990267 
0.990268 0.990268 0.990268 0.990268 
0.990267 0.990267 0.990267 0.990267 
0.990268 0.990268 0.990268 0.990268 
0.990267 0.990267 0.990267 0.990267 
0.990268 0.990268 0.990268 0.990268 
0.990267 0.990267 0.990267 0.990267 
0.990268 0.990268 0.990268 0.990268 
0.990267 0.990267 0.990267 0.990267 
0.990268 0.990268 0.990268 0.990268 
0.990267 0.990267 0.990267 0.990267 
0.990268 0.990268 0.990268 0.990268 
0.990267 0.990267 0.990267 0.990267 
0.990268 0.990268 0.990268 0.990268 
0.990267 0.990267 0.990267 0.990267 
0.990268 0.990268 0.990268 0.990268 
0.990267 0.990267 0.990267 0.990267 
0.990268 0.990268 0.990268 0.990268 
0.990267 0.990267 0.990267 0.990267 
0.990268 0.990268 0.990268 0.990268 
0.990267 0.990267 0.990267 0.990267 
0.990268 0.990268 0.990268 0.990268 
0.990267 0.990267 0.990267 0.990267 
0.990268 0.990268 0.990268 0.990268 
0.990267 0.990267 0.990267 0.990267 
0.990268 0.990268 0.990268 0.990268 
0.990267 0.990267 0.990267 0.990267 
0.990268 0.990268 0.990268 0.990268 
0.990267 0.990267 0.990267 0.990267 
0.990268 0.990268 0.990268 0.990268 
0.990267 0.990267 0.990267 0.990267 
0.990268 0.990268 0.990268 0.990268 
0.990267 0.990267 0.990267 0.990267 
0.990268 0.990268 0.990268 0.990268 
0.990267 0.990267 0.990267 0.990267 
0.990268 0.990268 0.990268 0.990268 
0.990267 0.990267 0.990267 0.990267 
0.990268 0.990268 0.990268 0.990268 
0.990267 0.990267 0.990267 0.990267 
0.990268 0.990268 0.990268 0.990268 
0.990267 0.990267 0.990267 0.990267 
0.990268 0.990268 0.990268 0.990268 
0.990267 0.990267 0.990267 0.990267 
0.990268 0.990268 0.990268 0.990268 
0.990267 0.990267 0.990267 0.990267 
0.990268 0.990268 0.990268 0.990268 
0.990267 0.990267 0.990267 0.990267 
0.990268 0.990268 0.990268 0.990268 
0.990267 0.990267 0.990267 0.990267 
0.990268 0.990268 0.990268 0.990268 
0.990267 0.990267 0.990267 0.990267 
0.990268 0.990268 0.990268 0.990268 
0.990267 0.990267 0.990267 0.990267 
0.990268 0.990268 0.990268 0.990268 
0.990267 0.990267 0.990267 0.990267 
0.990268 0.990268 0.990268 0.990268 
0.990267 0.990267 0.990267 0.990267 
0.990268 0.990268 0.990268 0.990268 
0.990267 0.990267 0.990267 0.990267 
0.990268 0.990268 0.990268 0.990268 
0.990267 0.990267 0.990267 0.990267 
0.990268 0.990268 0.990268 0.990268 
0.990267 0.990267 0.990267 0.990267 
0.990268 0.990268 0.990268 0.990268 
0.990267 0.990267 0.990267 0.990267 
0.990268 0.990268 0.990268 0.990268 
0.990267 0.990267 0.990267 0.990267 
0.990268 0.990268 0.990268 0.990268 
0.990267 0.990267 0.990267 0.990267 
0.990268 0.990268 0.990268 0.990268 
0.990266 0.990266 0.990266 0.990266 
0.990268 0.990268 0.990268 0.990268 
0.990266 0.990266 0.990266 0.990266 
0.990268 0.990268 0.990268 0.990268 
0.990266 0.990266 0.990266 0.990266 
0.990268 0.990268 0.990268 0.990268 
0.990266 0.990266 0.990266 0.990266 
0.990268 0.990268 0.990268 0.990268 
0.990265 0.990265 0.990265 0.990265 
0.990267 0.990267 0.990267 0.990267 
0.990265 0.990265 0.990265 0.990265 
0.990267 0.990267 0.990267 0.990267 
0.990263 0.990263 0.990263 0.990263 
0.990267 0.990267 0.990267 0.990267 
0.990261 0.990261 0.990261 0.990261 
0.990265 0.990265 0.990265 0.990265 
0.990255 0.990255 0.990255 0.990255 
0.990257 0.990257 0.990257 0.990257 
0.990237 0.990237 0.990237 0.990237 
0 0 0 0 
